0. 0.000000000000000e+00
1. 0.000000000000000e+00
2. 2.500000000000001e-01
3. 5.000000000000001e-01
4. 2.500000000000001e-01
5. 2.500000000000001e-01
6. 7.500000000000003e-01
7. 7.500000000000003e-01
8. 5.000000000000001e-01
9. 7.500000000000003e-01
10. 0.000000000000000e+00
11. 0.000000000000000e+00
12. 0.000000000000000e+00
13. -2.500000000000001e-01
14. 0.000000000000000e+00
15. 5.000000000000001e-01
16. 5.749999999999998e-02
17. 5.000000000000001e-01
18. -2.500000000000001e-01
19. -2.500000000000001e-01
20. 1.000000000000000e+00
21. -5.000000000000001e-01
22. -5.000000000000001e-01
23. 2.500000000000001e-01
24. -1.262499999999854e-01
25. 2.500000000000001e-01
26. 1.164625000000011e-01
27. 7.146249999999446e-02
28. 7.500000000000003e-01
29. 1.738840000000111e-01
30. 7.500000000000003e-01
31. -5.000000000000001e-01
32. -5.000000000000001e-01
33. 0.000000000000000e+00
34. -7.500000000000003e-01
35. 0.000000000000000e+00
36. 5.000000000000001e-01
37. 2.675880000006347e-03
38. 5.000000000000001e-01
39. -7.500000000000003e-01
40. -7.500000000000003e-01
41. 1.000000000000000e+00
42. 2.500000000000001e-01
43. 7.500000000000003e-01
44. 0.000000000000000e+00
45. 5.000000000000001e-01
46. 2.500000000000001e-01
47. 2.500000000000001e-01
48. 7.500000000000003e-01
49. 0.000000000000000e+00
50. 5.000000000000001e-01
51. 7.500000000000003e-01
52. -1.000000000000000e+00
53. -1.000000000000000e+00
