[lines amount x] 4 [lines amount y] 4 [lines amount z] 6

[field description of points]

-15.0 -15.0 -5.0    -2.0 -15.0 -5.0    2.0 -15.0 -5.0    15.0 -15.0 -5.0
-15.0 -2.0 -5.0    -2.0 -2.0 -5.0    2.0 -2.0 -5.0    15.0 -2.0 -5.0
-15.0 2.0 -5.0    -2.0 2.0 -5.0    2.0 2.0 -5.0    15.0 2.0 -5.0
-15.0 15.0 -5.0    -2.0 15.0 -5.0    2.0 15.0 -5.0    15.0 15.0 -5.0

-15.0 -15.0 -4.0    -2.0 -15.0 -4.0    2.0 -15.0 -4.0    15.0 -15.0 -4.0
-15.0 -2.0 -4.0    -2.0 -2.0 -4.0    2.0 -2.0 -4.0    15.0 -2.0 -4.0
-15.0 2.0 -4.0    -2.0 2.0 -4.0    2.0 2.0 -4.0    15.0 2.0 -4.0
-15.0 15.0 -4.0    -2.0 15.0 -4.0    2.0 15.0 -4.0    15.0 15.0 -4.0

-15.0 -15.0 -1.0    -4.0 -15.0 -1.0    4.0 -15.0 -1.0    15.0 -15.0 -1.0
-15.0 -4.0 -1.0    -4.0 -4.0 -1.0    4.0 -4.0 -1.0    15.0 -4.0 -1.0
-15.0 4.0 -1.0    -4.0 4.0 -1.0    4.0 4.0 -1.0    15.0 4.0 -1.0
-15.0 15.0 -1.0    -4.0 15.0 -1.0    4.0 15.0 -1.0    15.0 15.0 -1.0

-15.0 -15.0 1.0    -4.0 -15.0 1.0    4.0 -15.0 1.0    15.0 -15.0 1.0
-15.0 -4.0 1.0    -4.0 -4.0 1.0    4.0 -4.0 1.0    15.0 -4.0 1.0
-15.0 4.0 1.0    -4.0 4.0 1.0    4.0 4.0 1.0    15.0 4.0 1.0
-15.0 15.0 1.0    -4.0 15.0 1.0    4.0 15.0 1.0    15.0 15.0 1.0

-15.0 -15.0 4.0    -2.0 -15.0 4.0    2.0 -15.0 4.0    15.0 -15.0 4.0
-15.0 -2.0 4.0    -2.0 -2.0 4.0    2.0 -2.0 4.0    15.0 -2.0 4.0
-15.0 2.0 4.0    -2.0 2.0 4.0    2.0 2.0 4.0    15.0 2.0 4.0
-15.0 15.0 4.0    -2.0 15.0 4.0    2.0 15.0 4.0    15.0 15.0 4.0

-15.0 -15.0 5.0    -2.0 -15.0 5.0    2.0 -15.0 5.0    15.0 -15.0 5.0
-15.0 -2.0 5.0    -2.0 -2.0 5.0    2.0 -2.0 5.0    15.0 -2.0 5.0
-15.0 2.0 5.0    -2.0 2.0 5.0    2.0 2.0 5.0    15.0 2.0 5.0
-15.0 15.0 5.0    -2.0 15.0 5.0    2.0 15.0 5.0    15.0 15.0 5.0

[unique areas amount] 1

[unique areas description]
1 0 3 0 3 0 5

[unique areas coefficients description]
1 1.0 1.0

[delimiters above X description] 1 1.0 1 1.0 1 1.0 
[delimiters above Y description] 1 1.0 1 1.0 1 1.0
[delimiters above Z description] 1 1.0 1 1.0 1 1.0 1 1.0 1 1.0

[bordersAmount] 6

[borders description]
1 1 0 3 0 0 0 5
1 1 0 3 3 3 0 5
1 1 0 0 0 3 0 5
1 1 3 3 0 3 0 5
1 1 0 3 0 3 0 0
1 1 0 3 0 3 5 5
