[lines amount x] 6 [lines amount y] 6 [lines amount z] 2

[field description of points]

-3.96 -1.44 0.00    -3.30 -1.44 0.00    -2.75 -1.44 0.00    2.75 -1.44 0.00     3.30 -1.44 0.00     3.96 -1.44 0.00
-4.14 -1.26 0.00    -3.30 -1.20 0.00    -2.75 -1.00 0.00    2.75 -1.00 0.00     3.30 -1.20 0.00     4.14 -1.26 0.00
-4.32 -1.08 0.00    -3.60 -0.90 0.00    -3.00 -0.75 0.00    3.00 -0.75 0.00     3.60 -0.90 0.00     4.32 -1.08 0.00
-4.32 1.08 0.00    -3.60 0.90 0.00    -3.00 0.75 0.00    3.00 0.75 0.00     3.60 0.90 0.00     4.32 1.08 0.00
-4.14 1.26 0.00    -3.30 1.20 0.00    -2.75 1.00 0.00    2.75 1.00 0.00     3.30 1.20 0.00     4.14 1.26 0.00
-3.96 1.44 0.00    -3.30 1.44 0.00    -2.75 1.44 0.00    2.75 1.44 0.00     3.30 1.44 0.00     3.96 1.44 0.00

-3.96 -1.44 3.00    -3.30 -1.44 3.00    -2.75 -1.44 3.00    2.75 -1.44 3.00     3.30 -1.44 3.00     3.96 -1.44 3.00
-4.14 -1.26 3.00    -3.30 -1.20 3.00    -2.75 -1.00 3.00    2.75 -1.00 3.00     3.30 -1.20 3.00     4.14 -1.26 3.00
-4.32 -1.08 3.00    -3.60 -0.90 3.00    -3.00 -0.75 1.00    3.00 -0.75 1.00     3.60 -0.90 3.00     4.32 -1.08 3.00
-4.32 1.08 3.00    -3.60 0.90 3.00    -3.00 0.75 1.00    3.00 0.75 1.00     3.60 0.90 3.00     4.32 1.08 3.00
-4.14 1.26 3.00    -3.30 1.20 3.00    -2.75 1.00 3.00    2.75 1.00 3.00     3.30 1.20 3.00     4.14 1.26 3.00
-3.96 1.44 3.00    -3.30 1.44 3.00    -2.75 1.44 3.00    2.75 1.44 3.00     3.30 1.44 3.00     3.96 1.44 3.00

[unique areas amount] 1

[unique areas description]
1 0 5 0 5 0 1

[unique areas coefficients description]
1 1.0 1.0

[delimiters above X description] 1 1.0 1 1.0 1 1.0 1 1.0 1 1.0 
[delimiters above Y description] 1 1.0 1 1.0 1 1.0 1 1.0 1 1.0
[delimiters above Z description] 1 1.0

[bordersAmount] 6

[borders description]
1 1 0 5 0 5 0 1
1 1 0 5 5 5 0 1
1 1 0 0 0 5 0 1
1 1 5 5 0 5 0 1
1 1 0 5 0 5 0 0
1 1 0 5 0 5 1 1