[lines amount x] 4 [lines amount y] 4 [lines amount z] 3

[field description of points]

-0.025 -0.025 0.0         -0.00915 -0.03415 0.0     0.00915 -0.03415 0.0      0.025 -0.025 0.0
-0.03415 -0.00915 0.0     -0.01 -0.01 0.0           0.01 -0.01 0.0            0.03415 -0.00915 0.0
-0.03415 0.00915 0.0      -0.01 0.01 0.0            0.01 0.01 0.0             0.03415 0.00915 0.0
-0.025 0.025 0.0          -0.00915 0.03415 0.0      0.00915 0.03415 0.0       0.025 0.025 0.0

-2.5 -2.5 3.5          -0.915 -3.415 3.5   0.915 -3.415 3.5     2.5 -2.5 3.5
-3.415 -0.915 3.5      -1.0 -1.0 3.5       1.0 -1.0 3.5         3.415 -0.915 3.5
-3.415 0.915 3.5       -1.0 1.0 3.5        1.0 1.0 3.5          3.415 0.915 3.5
-2.5 2.5 3.5           -0.915 3.415 3.5    0.915 3.415 3.5      2.5 2.5 3.5

-1.25 -1.25 5.0        -0.458 -1.708 5.0   0.458 -1.708 5.0     1.25 -1.25 5.0
-1.708 -0.458 5.0      -0.5 -0.5 5.0       0.5 -0.5 5.0         1.708 -0.458 5.0
-1.708 0.458 5.0       -0.5 0.5 5.0        0.5 0.5 5.0          1.708 0.458 5.0
-1.25 1.25 5.0         -0.458 1.708 5.0    0.458 1.708 5.0      1.25 1.25 5.0

[unique areas amount] 1

[unique areas description]
1 0 3 0 3 0 2

[unique areas coefficients description]
1 1.0 1.0

[delimiters above X description] 1 1.0 1 1.0 1 1.0 
[delimiters above Y description] 1 1.0 1 1.0 1 1.0
[delimiters above Z description] 1 1.0 1 1.0

[bordersAmount] 6

[borders description]
1 1 0 3 0 0 0 2
1 1 0 3 3 3 0 2
1 1 0 0 0 3 0 2
1 1 3 3 0 3 0 2
1 1 0 3 0 3 0 0
1 1 0 3 0 3 2 2