2 2 8
-2.5 -2.5 0.0     2.5 -2.5 0.0
-2.5 2.5 0.0     2.5 2.5 0.0
-3.0 -3.0 1.0     3.0 -3.0 1.0
-3.0 3.0 1.0     3.0 3.0 1.0
-3.0 -3.0 4.0     3.0 -3.0 4.0
-3.0 3.0 4.0     3.0 3.0 4.0
-0.5 -0.5 4.5     0.5 -0.5 4.5
-0.5 0.5 4.5     0.5 0.5 4.5
-0.5 -0.5 5.0     0.5 -0.5 5.0
-0.5 0.5 5.0     0.5 0.5 5.0
-3.0 -3.0 5.5     3.0 -3.0 5.5
-3.0 3.0 5.5     3.0 3.0 5.5
-3.0 -3.0 8.5     3.0 -3.0 8.5
-3.0 3.0 8.5     3.0 3.0 8.5
-2.5 -2.5 9.5     2.5 -2.5 9.5
-2.5 2.5 9.5     2.5 2.5 9.5
1
1 0 1 0 1 0 7
1 1.0 1.0
1 1.0 
1 1.0
1 1.0 1 1.0 1 1.0 1 1.0 1 1.0 1 1.0 1 1.0 
6
1 1 0 1 0 0 0 7
1 1 0 1 1 1 0 7
1 1 0 0 0 1 0 7
1 1 1 1 0 1 0 7
1 1 0 1 0 1 0 0
1 1 0 1 0 1 7 7