[lines amount x] 4 [lines amount y] 4 [lines amount z] 3

[field description of points]

0.0 0.0 0.0     0.2 0.0 0.0     0.5 0.0 0.0    1.0 0.0 0.0
0.0 0.5 0.0     0.2 0.5 0.0     0.5 0.5 0.0    1.0 0.5 0.0
0.0 0.8 0.0     0.2 0.8 0.0     0.5 0.8 0.0    1.0 0.8 0.0
0.0 1.0 0.0     0.2 1.0 0.0     0.5 1.0 0.0    1.0 1.0 0.0

0.0 0.0 0.5     0.35 0.0 0.5     0.65 0.0 0.5    1.0 0.0 0.5
0.0 0.35 0.5     0.35 0.35 0.5     0.65 0.35 0.5    1.0 0.35 0.5
0.0 0.65 0.5     0.35 0.65 0.5     0.65 0.65 0.5    1.0 0.65 0.5
0.0 1.0 0.5     0.35 1.0 0.5     0.65 1.0 0.5    1.0 1.0 0.5

0.0 0.0 1.0     0.5 0.0 1.0     0.8 0.0 1.0    1.0 0.0 1.0
0.0 0.2 1.0     0.5 0.2 1.0     0.8 0.2 1.0    1.0 0.2 1.0
0.0 0.5 1.0     0.5 0.5 1.0     0.8 0.5 1.0    1.0 0.5 1.0
0.0 1.0 1.0     0.5 1.0 1.0     0.8 1.0 1.0    1.0 1.0 1.0

[unique areas amount] 1

[unique areas description]
1 0 3 0 3 0 2

[unique areas coefficients description]
1 1.0 1.0

[delimiters above X description] 1 1.0 1 1.0 1 1.0 
[delimiters above Y description] 1 1.0 1 1.0 1 1.0
[delimiters above Z description] 1 1.0 1 1.0

[bordersAmount] 6

[borders description]
1 1 0 3 0 0 0 2
1 1 0 3 3 3 0 2
1 1 0 0 0 3 0 2
1 1 3 3 0 3 0 2
1 1 0 3 0 3 0 0
1 1 0 3 0 3 2 2
